19	-4.668418840383835	42.98295147992971	36.19084335721043
22	30.116204469156518	50.02319408308854	42.26466502308015
18	45.4722415363149	25.550524932070203	88.7133784240288
17	30.350531418918916	72.65564932432436	61.88599636824325
12	4.587158065884349	53.994488335925354	30.958515198642726
24	8.67603907244191	59.1411384974313	46.47457948814629
31	-11.366262572193268	60.64588364558388	37.1325875475419
33	23.8837540794322	35.09639853632858	81.20694272663982
7	33.78105605258353	46.90991473434361	58.40098548475442
32	28.84699233374933	45.04753645926191	72.29393563915137
10	-3.9139163532420644	64.5778223258613	44.541002106213334
36	13.743810685166645	71.58990330424831	45.43443942211416
21	27.694824709940416	43.99841596111634	95.01403574788334
34	48.45691984251969	30.582221102362208	93.15130456692914
9	52.50987409689759	44.050327666808336	65.66222290692734
5	26.62862010020631	24.4141534040672	85.86284733274388
3	19.929812569936598	72.32626165609848	43.46068332711675
28	43.74003550368551	55.524522850122864	49.301900122850135
13	42.488985636351075	49.38512402458392	77.58879428216281
11	35.13905898829197	56.3380698000112	64.96922777435434
26	56.23670874226181	27.04703034878454	75.66558402536614
15	30.01091911169939	70.75582631075812	36.51907522611956
23	35.25412932988023	52.76556231790222	72.94030802848819
2	23.868128755977448	48.309446292198984	55.88655706230819
20	42.62356162790697	33.97275981912144	60.98848656330749
25	27.833575174295238	55.104783722340095	33.762020612306756
4	7.667460295740458	68.45631269035535	40.513943853453995
29	59.34351995344198	41.27386282008647	78.9216139008979
1	29.564774620434953	74.09745927369715	44.80351908083708
16	34.351116672767205	54.87118987920936	40.39692057101024
14	34.06943376030883	41.042616423934035	68.56878347078437
27	51.24637317976141	46.33888440970792	82.13954965034964
8	42.7079659238944	51.67913452176894	62.84327624271512
35	31.44083509329098	24.398615402937676	78.94871401349741
30	47.40190376590075	41.601865654381825	88.10205676504602
6	28.903653544709652	83.48176701104381	57.763151585322404
